101 -1103.668 -741.220 854.830 3 1 1 1
107 -441.708 -743.873 853.745 3 1 1 1
109 -222.584 -746.795 852.984 3 1 1 1
111 3.030 -747.196 852.684 3 1 1 1
115 443.059 -750.479 850.911 3 1 1 1
117 662.169 -751.345 851.094 3 1 1 1
119 882.559 -754.141 851.033 3 1 1 1
121 1101.543 -759.598 850.156 3 1 1 1
202 -991.057 -742.622 744.860 3 1 1 1
211 2.157 -745.434 744.562 3 1 1 1
220 990.670 -757.565 741.783 3 1 1 1
301 -1101.144 -738.850 637.615 3 1 1 1
303 -883.096 -739.412 635.640 3 1 1 1
305 -662.319 -739.911 635.046 3 1 1 1
309 -222.389 -744.688 635.112 3 1 1 1
311 1.958 -744.537 634.266 3 1 1 1
313 221.901 -747.402 632.770 3 1 1 1
315 441.757 -748.878 632.312 3 1 1 1
319 881.926 -753.366 632.379 3 1 1 1
321 1099.862 -763.126 631.979 3 1 1 1
404 -768.373 -736.735 528.477 3 1 1 1
411 1.069 -747.617 523.435 3 1 1 1
505 -661.255 -741.012 417.886 3 1 1 1
509 -222.091 -745.500 416.337 3 1 1 1
511 1.355 -750.838 414.986 3 1 1 1
513 221.727 -750.422 412.838 3 1 1 1
515 441.442 -751.582 411.963 3 1 1 1
517 661.804 -757.023 413.311 3 1 1 1
521 1100.052 -759.852 412.698 3 1 1 1
606 -549.724 -741.742 306.610 3 1 1 1
611 1.642 -750.518 304.817 3 1 1 1
616 550.209 -754.477 303.437 3 1 1 1
701 -1100.136 -742.519 197.661 3 1 1 1
705 -659.783 -741.638 196.260 3 1 1 1
707 -441.470 -744.695 195.653 3 1 1 1
709 -221.031 -745.664 194.802 3 1 1 1
711 1.573 -748.221 194.276 3 1 1 1
713 222.130 -751.301 194.144 3 1 1 1
715 440.551 -754.238 193.532 3 1 1 1
717 660.599 -756.045 193.220 3 1 1 1
719 881.126 -758.012 193.625 3 1 1 1
721 1100.228 -761.035 192.190 3 1 1 1
808 -330.759 -746.713 85.036 3 1 1 1
814 330.346 -753.761 84.367 3 1 1 1
901 -1100.907 -743.271 -21.397 3 1 1 1
905 -660.586 -745.654 -24.160 3 1 1 1
907 -440.648 -747.955 -25.856 3 1 1 1
909 -220.166 -749.445 -27.853 3 1 1 1
911 1.123 -749.516 -24.493 3 1 1 1
913 220.641 -750.974 -25.721 3 1 1 1
915 440.751 -756.871 -25.717 3 1 1 1
917 660.872 -758.933 -26.584 3 1 1 1
919 880.577 -763.319 -26.602 3 1 1 1
921 1100.531 -764.939 -27.685 3 1 1 1
1010 -109.949 -750.181 -132.829 3 1 1 1
1011 0.093 -750.584 -133.655 3 1 1 1
1012 110.996 -751.045 -134.794 3 1 1 1
1101 -1100.739 -743.046 -242.412 3 1 1 1
1102 -990.816 -742.734 -242.237 3 1 1 1
1103 -879.275 -742.371 -242.335 3 1 1 1
1104 -771.050 -742.485 -241.751 3 1 1 1
1105 -660.716 -743.004 -242.760 3 1 1 1
1106 -550.888 -743.138 -242.335 3 1 1 1
1107 -440.733 -744.756 -242.592 3 1 1 1
1108 -330.699 -746.140 -243.691 3 1 1 1
1109 -220.090 -748.123 -243.013 3 1 1 1
1110 -109.967 -749.885 -243.395 3 1 1 1
1111 0.077 -751.589 -243.922 3 1 1 1
1112 110.625 -751.048 -244.050 3 1 1 1
1113 221.856 -753.152 -244.628 3 1 1 1
1114 330.450 -754.885 -244.644 3 1 1 1
1115 440.987 -757.858 -244.893 3 1 1 1
1116 550.235 -759.968 -245.569 3 1 1 1
1118 769.563 -763.043 -246.754 3 1 1 1
1119 880.250 -762.131 -247.353 3 1 1 1
1120 991.068 -760.777 -248.102 3 1 1 1
1121 1101.317 -762.460 -248.471 3 1 1 1
1210 -109.881 -748.033 -354.887 3 1 1 1
1211 1.187 -749.468 -354.844 3 1 1 1
1212 110.859 -749.247 -355.500 3 1 1 1
1301 -1100.931 -741.565 -461.236 3 1 1 1
1303 -882.078 -739.361 -462.799 3 1 1 1
1305 -661.708 -739.320 -462.899 3 1 1 1
1307 -442.007 -744.233 -462.896 3 1 1 1
1309 -221.904 -745.898 -462.890 3 1 1 1
1311 0.741 -747.987 -464.623 3 1 1 1
1313 220.664 -750.712 -465.077 3 1 1 1
1315 440.015 -754.777 -466.194 3 1 1 1
1317 660.689 -757.857 -466.590 3 1 1 1
1319 879.716 -759.762 -467.083 3 1 1 1
1321 1101.507 -759.087 -468.144 3 1 1 1
1408 -331.661 -744.651 -572.458 3 1 1 1
1411 1.355 -747.924 -573.763 3 1 1 1
1501 -1100.824 -742.144 -682.473 3 1 1 1
1503 -879.709 -739.929 -682.683 3 1 1 1
1505 -659.575 -739.202 -683.109 3 1 1 1
1507 -440.758 -744.165 -683.686 3 1 1 1
1509 -219.911 -746.425 -683.172 3 1 1 1
1511 1.856 -749.154 -683.127 3 1 1 1
1513 223.501 -751.720 -683.957 3 1 1 1
1515 440.448 -750.832 -684.780 3 1 1 1
1517 660.447 -752.822 -684.948 3 1 1 1
1519 881.121 -756.163 -686.451 3 1 1 1
1521 1100.554 -758.156 -687.507 3 1 1 1
1606 -549.479 -742.484 -790.907 3 1 1 1
1611 2.468 -749.148 -793.242 3 1 1 1
1616 550.703 -753.672 -797.233 3 1 1 1
1701 -1100.111 -744.104 -900.303 3 1 1 1
1703 -879.515 -741.508 -899.804 3 1 1 1
1705 -660.445 -739.634 -900.356 3 1 1 1
1707 -438.177 -743.334 -901.962 3 1 1 1
1709 -218.819 -745.816 -903.046 3 1 1 1
1711 2.139 -748.192 -904.001 3 1 1 1
1713 222.539 -750.605 -905.346 3 1 1 1
1715 441.567 -751.496 -906.705 3 1 1 1
1717 661.814 -753.300 -907.673 3 1 1 1
1719 882.548 -755.837 -909.181 3 1 1 1
1721 1102.142 -758.030 -911.875 3 1 1 1
1804 -769.326 -741.901 -1009.645 3 1 1 1
1811 2.320 -749.352 -1013.950 3 1 1 1
1818 768.938 -753.592 -1017.830 3 1 1 1
1901 -1100.848 -743.915 -1121.330 3 1 1 1
1903 -876.473 -741.650 -1120.570 3 1 1 1
1905 -660.446 -740.270 -1121.944 3 1 1 1
1907 -439.319 -743.762 -1120.994 3 1 1 1
1909 -217.438 -747.730 -1121.995 3 1 1 1
1911 2.198 -750.403 -1124.333 3 1 1 1
1913 220.919 -752.214 -1127.485 3 1 1 1
1915 441.349 -751.387 -1128.856 3 1 1 1
1919 877.789 -753.706 -1129.518 3 1 1 1
1921 1096.711 -758.144 -1130.875 3 1 1 1
2011 2.355 -749.003 -1235.214 3 1 1 1
2101 -1099.599 -743.684 -1341.980 3 1 1 1
2103 -878.190 -739.498 -1339.733 3 1 1 1
2105 -659.186 -737.918 -1341.970 3 1 1 1
2107 -438.383 -740.044 -1341.909 3 1 1 1
2109 -219.442 -745.246 -1342.109 3 1 1 1
2111 1.859 -748.701 -1343.041 3 1 1 1
2113 217.418 -751.688 -1346.818 3 1 1 1
2115 441.847 -748.910 -1349.866 3 1 1 1
2117 661.161 -747.594 -1349.660 3 1 1 1
2119 880.556 -750.258 -1353.331 3 1 1 1
503 -882.619 -739.002 416.635 3 1 1 1
1117 660.437 -760.835 -246.197 3 1 1 1
317 664.603 -749.432 632.911 3 1 1 1
418 769.491 -754.623 523.301 3 1 1 1
519 881.339 -756.527 412.146 3 1 1 1
501 -1099.978 -740.568 417.745 3 1 1 1
307 -446.541 -740.725 636.594 3 1 1 1
507 -438.427 -741.167 416.089 3 1 1 1
703 -881.136 -742.809 197.370 3 1 1 1
903 -877.837 -746.153 -22.944 3 1 1 1
811 1.348 -747.791 85.722 3 1 1 1
103 -881.717 -744.904 853.542 3 1 1 1
105 -660.473 -746.849 853.589 3 1 1 1
1917 662.077 -751.360 -1129.624 3 1 1 1
113 222.917 -749.257 852.293 3 1 1 1
